-30.29	70.89
-65.08	44.78
20.75	-16.47
-76.06	4.83
-97.41	-27.76
84.19	84.11
47.36	21.06
-91.00	43.43
87.39	9.56
2.38	-52.23
-53.76	37.17
-78.56	-60.56
-67.11	-72.48
20.46	-71.67
-38.57	-36.33
43.39	-56.36
56.07	-18.08
-6.61	-64.94
2.12	59.71
-60.47	31.91
51.03	-42.77
70.05	-84.81
42.22	-88.76
31.91	18.22
-5.55	-60.52
-78.26	20.35
73.82	28.00
37.82	-79.42
-14.73	70.91
-30.59	-30.61
94.81	71.47
-0.84	-73.61
-41.28	90.50
25.39	52.29
14.35	32.08
35.93	-14.67
-26.47	-15.22
17.06	-51.33
17.95	-8.84
-72.05	-49.28
11.47	-17.02
-93.48	5.58
-91.67	-97.87
49.03	-34.95
87.72	-83.87
-69.83	72.08
-72.34	-9.24
14.55	87.98
-77.50	72.97
-42.01	-40.33
-78.52	-3.45
-6.59	77.95
-28.91	26.59
87.63	10.53
-6.48	33.22
-67.42	64.21
62.31	1.53
-33.80	-57.95
-2.68	-86.97
-40.66	21.27
46.33	66.98
23.83	-96.96
50.93	9.94
54.43	74.08
-72.41	-68.90
-63.72	56.70
5.89	-70.51
59.62	-45.70
91.06	-99.17
25.56	-43.02
33.87	-57.95
-28.62	-41.81
96.77	32.69
-99.26	94.45
-87.86	40.56
-36.52	-53.30
36.88	-41.71
-94.92	-52.46
-32.07	-98.86
14.15	-58.67
44.67	-31.21
10.70	32.92
-11.21	-23.72
89.19	64.68
56.13	82.47
-10.41	-15.17
-26.73	-11.37
-99.95	-99.79
11.50	67.49
-96.46	-47.09
44.50	-64.62
28.21	-29.49
-3.03	15.35
-9.14	0.49
35.85	95.61
46.28	-94.15
61.53	-21.96
95.83	-71.96
38.31	47.98
-59.42	55.20
66.07	40.74
68.71	76.56
8.53	-31.85
7.45	-31.14
33.15	4.46
-83.65	71.17
21.47	43.77
83.65	-5.53
-58.22	84.23
-94.93	-92.23
-4.88	86.11
51.71	-67.60
-47.37	40.27
68.79	66.54
-92.24	-98.71
-68.59	-51.42
52.25	41.60
-28.54	46.87
48.02	-59.61
70.25	-13.67
-24.06	-66.88
-94.11	-95.53
37.18	58.60
94.34	69.01
-96.23	99.27
-20.93	-4.46
98.90	43.89
-86.39	74.99
69.98	-83.70
-52.45	43.92
1.98	-65.41
-47.41	24.96
-26.17	-62.01
-93.09	17.33
-77.52	-60.64
41.56	-93.50
-90.43	43.94
36.42	-53.48
9.26	60.10
-32.85	81.67
69.90	-42.65
-35.12	-60.98
89.97	34.09
2.74	-69.08
83.34	39.77
59.83	-86.38
-83.10	-4.05
-12.91	31.37
-51.77	-79.45
-75.80	-99.54
-6.17	-93.99
49.12	49.73
-18.93	-28.82
-41.49	-0.92
68.94	8.98
38.97	-66.54
-35.08	-11.25
85.73	-75.12
-94.36	-10.65
-73.14	-41.20
-87.18	-13.22
97.52	6.34
50.83	73.02
-59.77	63.98
33.68	-46.87
3.91	-14.03
-33.23	31.69
-20.30	-55.07
-37.21	20.05
92.40	-82.74
87.04	30.68
14.52	72.83
68.68	33.56
-53.40	94.82
69.05	14.59
79.12	-90.36
-21.80	39.49
9.47	-86.59
-58.49	85.17
-86.06	12.33
17.52	44.48
-17.56	-86.36
-21.13	4.76
-31.87	52.35
-5.43	57.71
-33.31	-86.01
-77.86	21.33
-28.34	-54.57
42.47	-71.87
22.18	88.84
-44.87	-74.89
-60.43	-88.51
32.20	-58.91
-26.12	-85.86
16.53	32.23
-6.22	56.54
34.65	-74.17
-58.96	11.11
-25.97	-68.54
-35.75	-64.61
42.81	67.84
92.16	-66.90
63.05	91.09
-38.36	-3.41
-26.34	-20.65
-55.93	-98.66
-84.20	-39.07
-8.11	57.83
-23.45	-28.06
71.73	43.47
-98.43	-68.50
-63.97	94.39
5.80	82.77
89.81	-54.52
39.11	-97.53
-77.19	19.64
-37.73	33.22
98.80	-15.70
-27.88	-13.36
7.46	-40.56
-71.94	-57.86
83.38	94.80
-69.42	10.09
-69.79	48.49
11.66	51.50
86.81	-42.56
19.28	40.98
-74.33	72.57
-25.07	-84.21
5.77	87.54
93.38	-26.68
-29.68	-38.17
-23.86	38.24
63.85	64.19
-5.71	80.26
74.98	-34.19
-64.05	-85.58
34.22	62.85
19.93	-60.82
-87.20	-76.99
15.03	-85.94
-40.45	-11.31
-61.56	24.68
-20.93	50.34
75.26	-79.02
93.27	82.34
31.82	-20.63
-65.05	40.48
-86.93	97.60
26.61	95.24
-86.57	-98.56
-80.30	97.03
-50.23	-31.03
-40.85	76.81
-23.83	-63.46
-46.57	5.10
-7.82	-76.16
-35.80	7.10
25.87	78.49
20.32	-72.26
-14.47	58.09
-3.44	85.57
-9.58	-58.94
12.26	21.72
-30.98	98.88
37.03	-40.66
99.05	34.53
-76.14	-72.99
-30.10	-62.31
-25.48	-30.75
86.77	30.17
-23.18	-42.16
9.10	-40.07
-40.76	-83.44
83.92	-0.20
-64.56	24.04
22.09	-51.10
-21.88	41.66
49.26	77.53
-29.01	45.59
36.71	51.64
73.42	-91.14
17.89	-20.92
0.66	0.66
84.70	52.83
7.35	9.93
47.45	-82.39
89.37	16.24
-96.60	-32.95
72.62	-44.18
56.02	38.79
-90.88	22.70
-97.48	-22.04
-33.52	-12.07
-42.02	-38.01
10.97	-46.77
-90.72	-72.89
-88.34	-48.83
-75.68	56.32
26.57	1.37
37.80	3.20
-54.08	-52.22
-80.43	19.64
72.57	-28.16
43.62	-38.08
-29.00	69.16
-7.54	91.55
20.11	4.55
34.98	82.29
35.83	68.67
-49.08	-76.24
9.53	-27.49
-6.25	-75.05
73.33	-39.97
96.17	59.09
27.87	-94.55
34.57	43.20
-77.00	79.44
-28.67	-65.23
-57.71	34.92
-49.39	32.56
99.78	7.10
10.98	-81.64
36.66	86.23
88.46	-95.99
-69.44	-33.75
94.69	-58.58
4.26	-98.77
-65.97	-2.40
-68.69	-50.91
-69.93	-3.61
63.78	52.06
-73.05	-32.04
64.46	-15.51
30.77	56.48
-21.45	45.55
-94.73	35.33
-27.15	-76.85
-1.52	-29.93
-48.95	-21.34
-96.60	58.61
-97.48	-62.73
43.45	-42.28
-94.56	56.30
19.84	-21.94
74.74	-69.26
-89.10	82.50
-9.58	23.56
-14.27	50.70
-27.07	54.86
-49.11	-82.77
32.24	60.06
71.71	50.39
79.13	-32.44
38.67	-49.32
-66.72	-55.18
-50.91	-80.18
-33.67	16.64
95.32	-56.90
0.71	-6.69
5.32	68.83
92.21	-13.53
44.03	-91.66
43.37	35.67
62.70	-75.78
58.96	-8.64
4.62	-43.55
-68.25	22.09
65.90	-82.77
-83.50	-26.89
-17.44	18.69
68.84	-70.20
-31.49	-52.33
-56.63	-97.12
-73.21	85.23
23.65	39.36
61.66	83.42
-18.24	-33.86
-56.48	-42.15
10.93	-28.66
-51.39	-29.13
-25.87	-22.95
-42.41	63.37
-47.28	-27.54
-43.31	66.96
67.90	-88.57
-43.65	88.88
15.36	-36.30
-89.77	70.77
8.56	95.43
27.75	-10.59
-36.28	-16.44
-11.84	-23.91
-13.54	52.99
-88.89	94.06
87.16	16.35
-86.19	84.77
72.23	-32.17
-56.87	32.04
35.22	71.46
99.30	83.30
-76.50	82.58
38.00	67.45
8.34	8.06
-19.03	7.30
-7.05	63.52
-82.91	45.78
-63.69	-70.66
-58.14	23.34
39.51	7.88
-20.21	47.25
69.97	-57.33
65.52	38.23
-6.96	60.61
-78.29	-48.15
56.86	-57.30
-71.13	54.77
99.50	38.33
-94.62	46.17
85.04	-10.23
85.45	2.46
77.53	-97.04
-64.93	-55.59
-56.11	-98.13
-40.27	42.11
91.01	-53.67
-96.07	-82.84
91.11	51.38
-89.77	-26.12
0.69	-69.99
-37.96	-47.93
-11.43	-35.33
40.05	4.30
83.47	-45.24
66.94	-43.07
78.64	89.72
-3.90	-40.36
9.23	-43.01
-72.56	68.42
43.20	5.39
29.91	80.90
-82.40	62.69
87.49	64.38
-50.31	-7.04
95.01	-92.60
37.20	-26.64
-89.50	59.30
-91.86	80.77
89.46	21.53
31.74	8.25
-89.97	91.34
21.26	-21.42
-37.99	53.47
-24.07	2.26
-35.12	22.17
-48.78	95.98
-50.71	22.31
87.91	-77.31
59.21	50.41
38.87	27.90
90.53	19.48
3.39	81.78
87.20	24.63
37.37	49.81
-5.57	-66.39
62.70	-85.88
-52.15	-41.59
14.89	42.55
-94.60	79.55
7.39	33.59
-32.24	99.14
17.49	51.06
-63.17	-46.82
-3.36	6.47
62.01	-12.31
-47.39	-7.15
4.67	-21.66
-43.81	16.04
71.87	5.76
56.99	-15.83
-66.85	-75.43
-36.37	98.60
-25.18	20.15
-91.02	-28.09
-83.03	-21.81
17.27	64.74
56.05	-99.63
84.27	-99.34
99.64	-16.94
-56.61	-14.88
90.28	78.08
28.04	-38.05
-29.82	56.03
69.32	37.96
14.30	10.00
0.77	-38.08
76.93	-81.78
-4.13	-94.81
-20.72	30.39
-26.97	-78.05
-65.81	6.63
20.73	51.12
47.48	-56.22
-6.11	-78.08
40.63	47.25
-91.92	72.29
59.32	59.37
-80.33	12.43
-54.70	95.06
-79.98	89.69
17.83	61.21
-95.09	30.58
22.97	68.72
-6.96	-43.21
-84.90	55.61
24.42	-42.30
19.33	36.58
-16.54	35.83
95.00	-35.15
43.02	89.27
-17.89	1.99
60.77	61.66
-78.02	63.00
-0.26	-52.35
53.37	-72.24
-36.79	-23.89
22.71	80.84
89.47	18.79
48.49	29.50
44.63	-52.81
-84.17	26.18
57.73	21.30
72.39	-52.71
72.96	-5.50
-9.03	25.72
-14.72	-6.67
-66.16	86.70
-62.54	-34.82
-50.37	-78.64
-66.46	-61.98
38.43	46.69
-67.47	-39.25
95.31	30.30
71.97	87.37
25.68	-57.46
12.51	-4.68
50.86	-50.71
-35.20	99.60
14.64	21.00
-0.58	78.30
98.00	92.33
52.98	-14.45
97.49	95.02
82.26	-23.28
-22.42	36.85
-84.70	25.56
-38.00	66.76
35.50	82.44
-99.13	-76.83
77.76	-5.80
-68.92	38.32
-73.25	-31.83
94.35	17.81
57.45	-73.38
20.31	6.42
2.38	-96.26
-47.22	27.21
-2.38	37.13
-22.27	-13.67
-12.40	90.59
-33.58	83.36
85.51	7.10
25.60	69.18
-94.21	46.53
-41.72	-59.77
73.35	-13.80
69.81	64.70
46.70	59.32
-35.14	33.59
96.15	-85.83
-1.09	-78.14
-98.54	-71.88
-36.88	99.94
25.24	30.34
-22.98	-7.68
36.53	-19.31
-83.56	93.54
-34.01	23.71
-57.01	-89.79
-73.69	-40.38
76.74	80.03
-5.47	27.24
98.67	87.80
37.29	-53.69
-7.83	-55.25
97.81	-87.72
11.76	-53.56
-60.78	62.62
-18.80	1.80
75.25	-68.96
49.05	-89.99
-48.77	-13.65
-88.97	99.02
-78.83	-29.42
-92.60	-71.25
-35.71	-31.50
-56.88	83.18
-41.77	17.14
73.82	-27.81
-49.14	10.17
37.79	34.49
45.50	85.50
7.88	97.41
-90.69	64.02
-55.78	17.34
1.88	74.47
-93.62	82.83
-69.43	-15.71
50.36	22.81
-18.06	-78.23
-63.26	82.61
53.40	-44.90
-83.22	-55.10
55.00	-0.22
99.98	-11.03
85.05	40.45
12.41	-14.60
52.93	-95.96
48.28	-78.39
-56.86	6.10
-86.85	69.27
-86.15	88.72
41.66	-25.46
10.84	6.61
-21.48	-56.63
-66.05	-28.27
56.79	64.26
16.26	-18.00
-19.35	-53.43
42.70	60.19
42.33	63.76
54.63	-0.08
97.95	42.53
65.98	12.58
24.87	-94.83
8.07	-33.77
89.63	-97.22
90.10	-82.99
19.93	78.41
-71.60	48.08
94.68	-19.90
53.79	-88.94
-59.04	-63.76
95.04	14.97
39.91	-65.71
75.47	85.24
-69.73	-14.47
-78.57	56.55
-27.67	-47.07
23.47	92.30
3.45	-75.48
96.25	36.85
-58.32	-90.85
-63.14	46.72
70.30	-82.43
13.37	99.66
75.49	-93.57
55.28	6.88
51.46	11.07
-87.22	56.23
-92.59	66.23
33.19	75.48
-93.32	58.50
-55.72	60.01
93.27	-43.83
62.85	12.03
-62.90	-13.04
-61.90	24.19
53.65	16.29
-29.11	13.40
32.94	-95.58
56.87	26.48
36.53	-79.90
29.99	-69.32
-95.22	-84.38
85.35	72.98
-3.33	-55.01
20.46	11.80
-37.83	94.50
9.17	98.67
92.74	85.19
-18.24	38.93
72.23	-76.98
-4.67	-41.23
51.01	27.62
-20.16	-18.83
-67.66	8.18
-87.35	87.57
60.30	-55.15
-84.74	81.44
-68.16	7.56
32.34	50.29
30.17	-83.09
-76.32	-49.57
9.88	55.38
67.84	-19.74
-40.90	-32.08
57.52	-87.78
-28.61	-33.78
-19.69	-58.29
65.23	36.29
-41.55	-89.68
51.65	38.95
39.75	-79.02
-39.27	-51.55
33.81	48.66
45.21	-60.07
15.46	-22.55
-76.73	93.76
-87.33	71.06
1.76	-78.34
32.41	-8.83
95.78	-71.11
-51.41	71.50
12.00	64.14
28.93	6.50
70.26	-23.28
62.89	43.78
86.43	-90.40
-47.96	68.26
52.56	-9.54
-49.17	-54.23
20.41	-61.20
-48.02	-31.90
-5.83	-86.20
-87.07	47.18
-94.84	-39.23
27.79	23.30
-91.64	-16.85
63.61	67.07
12.19	-56.43
-3.89	98.38
-16.21	-27.46
39.47	74.67
22.19	-81.93
-63.23	18.33
22.11	-38.26
68.42	94.65
33.48	-91.51
14.19	-49.06
-91.64	59.38
-26.96	85.05
71.51	-71.67
3.79	85.06
38.93	82.92
18.20	-20.38
91.49	30.88
64.51	27.17
40.81	-50.14
-88.36	-0.68
41.90	37.49
9.63	-40.68
27.65	-66.97
-46.73	-9.64
76.66	91.53
-18.74	-22.63
-43.61	-50.15
-29.57	56.99
45.32	28.52
-0.23	23.27
89.28	4.23
-23.12	26.13
-23.56	-67.66
48.15	37.87
-58.98	84.30
-21.35	48.04
63.72	82.06
-87.69	-36.27
-71.02	-46.98
-36.36	27.94
74.42	-96.46
38.03	-42.74
-19.52	24.06
38.75	-80.73
-44.61	66.68
-97.76	9.50
-11.71	-74.74
35.32	-11.12
-91.09	-24.36
12.32	-70.19
-50.09	67.29
-21.79	-64.34
30.72	20.40
-81.22	-47.75
34.83	-97.60
-83.35	31.29
-4.87	-68.49
-27.18	20.82
-29.16	46.33
-27.22	-1.43
94.38	-3.68
9.51	11.43
41.67	54.49
38.65	-21.81
9.21	-87.04
30.89	-22.71
77.65	-36.07
-52.95	-13.63
2.22	-28.17
-87.26	-28.03
68.24	-77.33
-84.31	96.26
-17.15	-82.67
-53.94	28.05
73.71	-17.20
41.40	80.57
-25.97	4.96
-38.99	-5.75
0.42	65.00
-80.45	72.91
27.56	-73.17
93.68	-47.14
90.65	-25.79
0.96	-68.43
-45.17	71.98
-68.16	-43.03
-80.63	44.21
-9.82	-75.39
-79.52	88.02
-45.58	-47.48
-88.05	40.10
-94.96	-15.25
77.30	28.51
-78.46	6.80
82.18	-92.54
27.27	-11.12
59.93	67.01
4.73	-71.97
35.90	-3.30
16.03	49.27
-92.89	0.56
59.66	75.97
-47.83	62.68
-38.27	52.56
4.84	3.26
-18.98	54.06
-61.43	-97.89
-98.68	-37.38
-47.66	22.31
69.93	52.05
-54.97	75.62
-21.99	79.57
-15.53	25.55
-95.15	-95.42
95.55	68.95
-37.61	-77.66
7.91	77.55
-37.45	49.05
-95.04	13.99
62.09	19.87
92.93	37.52
-11.11	-74.23
29.59	61.03
50.88	-17.55
1.49	-94.15
-12.97	38.68
-2.14	52.23
-76.08	76.93
-52.04	4.84
64.32	19.37
-83.09	-37.49
-49.13	-72.23
97.19	-17.40
51.39	95.73
-71.57	38.59
-88.28	-33.94
-88.96	-5.57
-50.43	13.49
3.78	90.55
-84.78	7.28
31.41	98.32
-46.71	-7.25
49.85	-99.94
-36.72	-11.26
87.45	68.16
-28.82	-41.28
8.46	44.67
-41.55	-62.87
-89.74	-41.07
-48.14	-66.97
34.72	16.93
53.59	34.92
37.87	-48.48
27.34	88.84
42.17	94.87
59.37	-87.01
59.14	77.83
64.29	95.76
-91.44	53.51
17.38	94.84
-19.38	-23.17
7.32	45.10
89.49	-40.43
93.43	-82.71
-33.03	-95.75
1.87	80.38
-91.26	-60.83
86.95	-39.67
94.19	65.81
-49.12	46.47
-41.16	-57.82
-19.41	-70.85
-7.24	-16.18
16.24	28.48
46.86	-1.92
50.77	78.09
92.21	-74.56
-80.04	92.92
59.83	31.60
-17.33	-54.33
90.61	-99.80
-50.46	-72.35
23.83	14.34
-11.54	19.15
-56.82	31.85
-22.07	33.10
11.13	-11.61
-10.79	4.23
62.34	43.27
-96.62	35.46
-37.85	-84.03
31.49	-78.17
11.29	-81.48
81.82	-57.30
-0.11	-53.94
-94.76	29.77
-20.03	98.70
7.42	-31.30
-7.47	33.46
5.37	14.00
-52.25	-28.99
-89.07	-24.30
-49.41	-18.17
-7.18	-19.01
-87.96	42.56
-56.35	11.49
-22.14	3.98
-12.71	77.74
55.25	-82.29
94.55	63.06
63.94	58.13
-36.81	-40.78
-65.03	-22.15
70.32	80.84
58.36	-74.19
55.04	-88.48
-43.02	-69.06
-19.00	71.68
-6.32	42.32
-70.65	72.00
-61.00	-20.87
5.74	83.65
95.29	-4.67
97.84	-42.21
78.59	-48.99
-96.34	49.13
-95.90	-40.16
17.41	-37.37
-51.80	63.67
72.22	57.75
-13.78	-84.97
48.91	-80.72
-0.01	-3.97
-37.64	-85.60
-43.28	53.99
8.28	70.94
-33.97	-39.40
39.86	72.99
-99.23	-32.92
-96.05	81.85
2.83	-0.70
-33.70	14.83
-54.88	-23.70
-28.27	-85.83
-19.79	-11.42
-4.05	-74.96
95.00	-17.79
97.18	25.58
-51.91	-29.98
99.18	46.00
-20.20	59.44
-5.32	74.57
6.30	-32.13
-92.27	-49.62
-78.84	-24.18
73.79	76.63
-11.65	-54.82
-15.79	47.19
-51.62	7.80
99.44	74.01
