0.2969230769230769	80.64769230769231
2.9200000000000004	-70.12428571428572
3.9840000000000004	-90.61600000000001
5.3629411764705885	-35.41058823529412
7.653636363636365	13.14818181818182
12.32	-70.19
8.718	-15.784
10.057500000000001	94.00999999999999
14.530000000000001	66.83083333333333
15.23	-6.76
15.47294117647059	41.16117647058824
16.843	-54.64
18.505000000000003	-17.235
20.143333333333334	-22.78333333333333
18.565	-76.83500000000001
22.150000000000002	-39.21666666666667
23.276	6.128
29.034999999999997	20.588333333333335
32.631875	87.68124999999999
32.95222222222222	-15.643333333333333
35.05461538461538	-74.46769230769229
35.284444444444446	48.64555555555555
36.73916666666666	-94.71416666666666
37.48888888888889	59.64222222222223
38.33	31.195
38.52625	3.5325
39.123333333333335	71.79
42.260000000000005	-36.65
42.635	36.58
44.06157894736842	-54.957368421052635
48.507999999999996	25.902000000000005
51.79666666666666	40.309999999999995
53.66833333333333	72.33166666666666
56.4975	-14.795
60.11538461538463	-82.61115384615384
59.576666666666675	94.19333333333334
59.86166666666666	21.74666666666667
60.06199999999999	80.35
60.75454545454545	7.550909090909093
65.57833333333333	58.69333333333332
67.52090909090909	36.85545454545455
69.97833333333334	-17.2
70.94	78.01
72.07181818181819	-36.946363636363635
75.814	91.614
78.8	83.12666666666667
79.5725	-4.2575
85.88857142857144	-86.09178571428569
85.04	-10.23
87.329375	-50.49875
90.3225	-27.725
90.36571428571428	6.76
91.08444444444444	19.486666666666665
92.21	-13.53
92.66529411764705	38.40529411764705
93.79333333333334	74.75888888888888
94.83500000000001	-4.175
97.54833333333333	-16.46
-3.77875	-77.5675
-3.6822222222222223	-6.011111111111111
-4.17125	59.143750000000004
-5.65	-65.085
-6.074444444444444	-53.34222222222222
-7.1240000000000006	36.962
-10.965	94.805
-14.825	-78.43
-15.289166666666665	26.732499999999998
-16.292	55.056
-16.865000000000002	71.295
-17.35	78.655
-20.472500000000004	0.92
-21.480999999999995	-23.478500000000004
-22.664615384615384	44.02538461538462
-29.15	61.586
-29.98392857142857	-56.78571428571427
-32.87692307692307	-85.52538461538461
-34.38133333333334	19.969333333333335
-35.25636363636364	92.73818181818181
-37.75	46.292500000000004
-42.61066666666667	-10.443333333333335
-43.251176470588234	-34.595882352941175
-46.53416666666667	68.465
-50.675000000000004	41.9575
-52.74625000000001	8.762500000000001
-52.82000000000001	28.812
-53.44882352941176	-84.25529411764707
-58.284000000000006	88.644
-58.36285714285714	-58.561428571428564
-61.13833333333332	60.453333333333326
-61.56625	-17.30625
-61.917142857142856	22.00142857142857
-64.11	45.75
-65.97	-2.4
-66.88000000000001	-47.22714285714286
-68.51333333333334	39.13
-69.24000000000001	-72.092
-70.82888888888888	-34.55111111111111
-70.83999999999999	50.446666666666665
-70.92833333333333	7.348333333333333
-73.59666666666668	-5.433333333333334
-74.18444444444444	75.80222222222223
-76.00666666666666	-59.68666666666667
-78.61	-48.49
-78.66749999999999	59.64
-83.22	-55.1
-85.42692307692309	17.558461538461536
-85.77428571428571	93.97714285714287
-86.06	55.92
-86.6	-37.568
-86.62285714285714	71.78
-88.474	44.04600000000001
-88.87818181818182	-23.44727272727273
-89.76142857142857	-4.0042857142857144
-90.43875	82.66
-91.30250000000001	-97.20625000000001
-91.48666666666666	59.06
-91.64	65.125
-92.91	32.486000000000004
-92.9975	-49.5
-94.21142857142857	-76.72285714285714
-94.73500000000001	54.3875
-95.72333333333334	-64.02
-97.11000000000001	-35.06666666666666
